1825528
1825528
1825528
1825528
1825528
1825528
1825528
1825528
1825528
1825528
1825528
1825528
1825528
1825528
1825528
1825528
1825528
1825528
1825528
1825528
1825528
1825528
1825528
1825528
1825528
1825528
1825528
1825528
1825528
1825528
1825528
1826594
1826594
1826594
1826594
1826594
1826594
1826735
1826735
1826735
1826735
1826735
1826735
1826972
1826972
1826972
1826972
1826972
1826972
1827159
1827159
1827159
1827159
1827159
1827159
1827323
1827323
1827323
1827323
1827323
1827323
1827323
1827323
1827323
1827323
1827582
1827323
1827689
1827689
1827689
1827689
1827689
1827689
